[[ 2298     0     0     1   196     8     0     7     8]
 [    0   959     0     4     8     1     6     0     1]
 [    0     0   680     0    77     1     0     0    41]
 [    3     2     0  6388     9     2     0     2     5]
 [   49     5    20     6 72658    53     0     3    60]
 [    6     1     0     2    73   526     1     0     8]
 [    0     6     0     0     2     0  6992     0     1]
 [    7     0     0     0     4     2     0  6605     2]
 [    2     2    29    10    69    13     1     0  6614]]
              precision    recall  f1-score   support

           0      0.972     0.913     0.941      2518
           1      0.984     0.980     0.982       979
           2      0.933     0.851     0.890       799
           3      0.996     0.996     0.996      6411
           4      0.994     0.997     0.996     72854
           5      0.868     0.853     0.860       617
           6      0.999     0.999     0.999      7001
           7      0.998     0.998     0.998      6620
           8      0.981     0.981     0.981      6740

    accuracy                          0.992    104539
   macro avg      0.969     0.952     0.960    104539
weighted avg      0.992     0.992     0.992    104539

[INFO] : Accuracy of float model = 99.22%
[INFO] : Loss of float model = 0.03328400105237961
[INFO] : Evaluation complete.