[[ 2387     0     0     1   121     7     0     2     0]
 [    0   967     0     0     8     1     2     1     0]
 [    1     0   730     0    42     1     0     1    24]
 [    0     0     0  6399    10     0     0     0     2]
 [   20     4    14     3 72770     4     0     0    39]
 [    8     3     2     0    54   546     1     0     3]
 [    0     7     0     0     1     0  6991     0     2]
 [   12     1     0     0     2     1     0  6604     0]
 [    3     1    28     5    25     4     0     0  6674]]
              precision    recall  f1-score   support

           0      0.982     0.948     0.965      2518
           1      0.984     0.988     0.986       979
           2      0.943     0.914     0.928       799
           3      0.999     0.998     0.998      6411
           4      0.996     0.999     0.998     72854
           5      0.968     0.885     0.925       617
           6      1.000     0.999     0.999      7001
           7      0.999     0.998     0.998      6620
           8      0.990     0.990     0.990      6740

    accuracy                          0.995    104539
   macro avg      0.984     0.969     0.976    104539
weighted avg      0.995     0.995     0.995    104539

[INFO] : Accuracy of float model = 99.55%
[INFO] : Loss of float model = 0.018007630482316017
[INFO] : Evaluation complete.