[[ 2463     0     0     0    50     0     0     4     1]
 [    2   967     0     0     7     0     3     0     0]
 [    2     0   765     0    15     0     0     0    17]
 [    0     1     0  6402     4     0     0     0     4]
 [   20     5    12     5 72786     4     0     2    20]
 [    2     1     0     0    23   585     0     0     6]
 [    0     3     0     0     1     0  6997     0     0]
 [    6     0     0     0     0     1     0  6611     2]
 [    0     0     9     2    24     2     1     0  6702]]
              precision    recall  f1-score   support

           0      0.987     0.978     0.983      2518
           1      0.990     0.988     0.989       979
           2      0.973     0.957     0.965       799
           3      0.999     0.999     0.999      6411
           4      0.998     0.999     0.999     72854
           5      0.988     0.948     0.968       617
           6      0.999     0.999     0.999      7001
           7      0.999     0.999     0.999      6620
           8      0.993     0.994     0.993      6740

    accuracy                          0.998    104539
   macro avg      0.992     0.985     0.988    104539
weighted avg      0.997     0.998     0.997    104539

[INFO] : Accuracy of float model = 99.75%
[INFO] : Loss of float model = 0.046549681574106216
[INFO] : Evaluation complete.