[[ 2377     0   120     9     8     4]
 [    1  6398     6     1     1     4]
 [   87    12 72630    68     2    55]
 [    9     2   170  9154     2    59]
 [   12     0     1     0  6605     2]
 [    1    10    53    28     2  6646]]
              precision    recall  f1-score   support

           0      0.956     0.944     0.950      2518
           1      0.996     0.998     0.997      6411
           2      0.995     0.997     0.996     72854
           3      0.989     0.974     0.981      9396
           4      0.998     0.998     0.998      6620
           5      0.982     0.986     0.984      6740

    accuracy                          0.993    104539
   macro avg      0.986     0.983     0.984    104539
weighted avg      0.993     0.993     0.993    104539

[INFO] : Accuracy of float model = 99.3%
[INFO] : Loss of float model = 0.03163491562008858