[[ 2470     0    44     3     1     0]
 [    0  6402     6     1     1     1]
 [   20     2 72789    31     0    12]
 [    2     0    49  9315     5    25]
 [    4     0     1     1  6613     1]
 [    0     1    32     9     0  6698]]
              precision    recall  f1-score   support

           0      0.990     0.981     0.985      2518
           1      1.000     0.999     0.999      6411
           2      0.998     0.999     0.999     72854
           3      0.995     0.991     0.993      9396
           4      0.999     0.999     0.999      6620
           5      0.994     0.994     0.994      6740

    accuracy                          0.998    104539
   macro avg      0.996     0.994     0.995    104539
weighted avg      0.998     0.998     0.998    104539

[INFO] : Accuracy of float model = 99.76%
[INFO] : Loss of float model = 0.019701113924384117
[INFO] : Evaluation complete.