[[ 2440     1    70     4     2     1]
 [    2  6381    16     3     0     9]
 [   67     1 72710    54     1    21]
 [    4     0    85  9253     2    52]
 [   35     1     0     2  6580     2]
 [    1     8    41    15     1  6674]]
              precision    recall  f1-score   support

           0      0.957     0.969     0.963      2518
           1      0.998     0.995     0.997      6411
           2      0.997     0.998     0.998     72854
           3      0.992     0.985     0.988      9396
           4      0.999     0.994     0.997      6620
           5      0.987     0.990     0.989      6740

    accuracy                          0.995    104539
   macro avg      0.988     0.989     0.988    104539
weighted avg      0.995     0.995     0.995    104539

[INFO] : Accuracy of float model = 99.52%
[INFO] : Loss of float model = 0.05478572100400925
[INFO] : Evaluation complete.